import sys
sys.path.append('_functions')
import griess as gr
import bmgdata as bd
import denitfit as dn
import ammonia as am
import pandas as pd
import numpy as np
import matplotlib.pyplot as plt
from matplotlib.patches import Rectangle
import glob
import os

# Load the data
no2no3_btm1 = np.array([
    [2.225, 2.199, 2.176, 2.189, 2.124, 2.149, 2.152, 2.13, 2.129, 2.181, 2.205, 2.164],
    [2.154, 2.168, 2.179, 2.142, 2.173, 2.177, 2.171, 2.18, 2.181, 2.176, 2.187, 2.164],
    [2.144, 2.113, 2.129, 2.18, 2.18, 2.23, 2.158, 2.119, 2.152, 2.162, 2.193, 2.202],
    [2.162, 2.18, 2.323, 2.177, 2.197, 2.331, 2.185, 2.179, 2.152, 2.182, 2.168, 2.184],
    [2.161, 2.281, 2.148, 2.137, 2.166, 2.14, 2.154, 2.171, 2.238, 2.148, 2.161, 2.151],
    [2.148, 2.161, 2.18, 2.17, 2.157, 2.327, 2.301, 2.146, 2.195, 2.189, 2.158, 2.188],
    [2.185, 2.181, 2.168, 2.224, 2.142, 2.197, 2.162, 2.152, 2.145, 2.146, 2.155, 2.153],
    [2.148, 2.137, 2.169, 2.149, 2.176, 2.148, 2.155, 2.146, 2.192, 2.244, 2.161, 2.198]
])

no2no3_btm2 = np.array([
    [2.204, 2.332, 2.161, 2.175, 2.161, 2.148, 2.269, 2.176, 2.153, 2.191, 2.204, 2.273],
    [2.149, 2.158, 2.171, 2.147, 2.182, 2.178, 2.18, 2.187, 2.204, 2.196, 2.22, 2.178],
    [2.136, 2.201, 2.165, 2.172, 2.183, 2.138, 2.15, 2.161, 2.156, 2.151, 2.172, 2.195],
    [2.161, 2.194, 2.189, 2.185, 2.206, 2.22, 2.19, 2.208, 2.177, 2.175, 2.169, 2.197],
    [2.175, 2.159, 2.143, 2.16, 2.207, 2.148, 2.154, 2.174, 2.159, 2.252, 2.167, 2.162],
    [2.177, 2.384, 2.207, 2.292, 2.236, 2.274, 2.16, 2.102, 2.192, 2.181, 2.163, 2.184],
    [2.255, 2.203, 2.365, 2.182, 2.166, 2.188, 2.183, 2.242, 2.221, 2.168, 2.188, 2.175],
    [2.145, 2.284, 2.168, 2.147, 2.18, 2.142, 2.132, 2.081, 2.176, 2.316, 2.158, 2.183]
])

no2no3_mid1 = np.array([
    [2.252, 2.217, 2.231, 2.349, 2.202, 2.371, 2.192, 2.237, 2.268, 2.244, 2.259, 2.224],
    [2.186, 2.19, 2.304, 2.257, 2.236, 2.387, 2.271, 2.262, 2.263, 2.281, 2.277, 2.254],
    [2.185, 2.203, 2.237, 2.415, 2.343, 2.365, 2.219, 2.216, 2.234, 2.222, 2.256, 2.248],
    [2.2, 2.209, 2.232, 2.22, 2.313, 2.285, 2.234, 2.352, 2.228, 2.273, 2.215, 2.239],
    [2.224, 2.197, 2.192, 2.216, 2.415, 2.206, 2.2, 2.254, 2.234, 2.22, 2.229, 2.213],
    [2.214, 2.218, 2.226, 2.231, 2.235, 2.206, 2.237, 2.215, 2.307, 2.245, 2.313, 2.284],
    [2.172, 2.186, 2.21, 2.185, 2.174, 2.187, 2.218, 2.212, 2.218, 2.226, 2.216, 2.208],
    [2.187, 2.165, 2.213, 2.157, 2.228, 2.198, 2.209, 2.204, 2.237, 2.21, 2.21, 2.208]
])

no3no2_mid2 = np.array([
    [2.232, 2.232, 2.336, 2.226, 2.254, 2.243, 2.264, 2.205, 2.233, 2.232, 2.236, 2.231],
    [2.226, 2.236, 2.214, 2.232, 2.249, 2.23, 2.254, 2.272, 2.248, 2.3, 2.261, 2.294],
    [2.196, 2.216, 2.26, 2.248, 2.25, 2.197, 2.288, 2.318, 2.359, 2.26, 2.257, 2.249],
    [2.202, 2.234, 2.261, 2.265, 2.27, 2.255, 2.239, 2.272, 2.287, 2.269, 2.249, 2.289],
    [2.197, 2.231, 2.221, 2.266, 2.242, 2.204, 2.246, 2.443, 2.271, 2.272, 2.335, 2.266],
    [2.167, 2.183, 2.186, 2.212, 2.212, 2.194, 2.206, 2.231, 2.296, 2.222, 2.235, 2.248],
    [2.229, 2.225, 2.228, 2.274, 2.244, 2.21, 2.241, 2.242, 2.247, 2.217, 2.235, 2.282],
    [2.201, 2.221, 2.19, 2.217, 2.267, 2.21, 2.236, 2.186, 2.21, 2.197, 2.249, 2.226]
])

no2no3_top1 = np.array([
    [2.245, 2.257, 2.249, 2.227, 2.252, 2.262, 2.265, 2.258, 2.236, 2.291, 2.258, 2.284],
    [2.233, 2.246, 2.225, 2.285, 2.228, 2.244, 2.257, 2.278, 2.265, 2.29, 2.449, 2.403],
    [2.235, 2.24, 2.282, 2.256, 2.243, 2.236, 2.29, 2.24, 2.336, 2.361, 2.286, 2.251],
    [2.214, 2.358, 2.273, 2.272, 2.241, 2.438, 2.176, 2.302, 2.257, 2.252, 2.244, 2.513],
    [2.208, 2.241, 2.236, 2.244, 2.226, 2.23, 2.251, 2.257, 2.267, 2.289, 2.299, 2.251],
    [2.201, 2.221, 2.22, 2.225, 2.24, 2.254, 2.254, 2.248, 2.238, 2.285, 2.29, 2.258],
    [2.243, 2.239, 2.236, 2.248, 2.258, 2.239, 2.267, 2.272, 2.25, 2.389, 2.249, 2.314],
    [2.217, 2.249, 2.205, 2.312, 2.249, 2.24, 2.247, 2.236, 2.233, 2.262, 2.274, 2.33]
])

no2no3_top2 = np.array([
    [2.278, 2.248, 2.24, 2.285, 2.31, 2.227, 2.238, 2.255, 2.212, 2.289, 2.27, 2.332],
    [2.202, 2.234, 2.303, 2.217, 2.25, 2.238, 2.262, 2.281, 2.272, 2.274, 2.269, 2.251],
    [2.216, 2.323, 2.235, 2.26, 2.264, 2.212, 2.247, 2.241, 2.259, 2.234, 2.249, 2.233],
    [2.205, 2.211, 2.234, 2.234, 2.31, 2.302, 2.253, 2.333, 2.213, 2.24, 2.236, 2.23],
    [2.24, 2.203, 2.2, 2.221, 2.236, 2.228, 2.222, 2.424, 2.209, 2.217, 2.221, 2.203],
    [2.222, 2.362, 2.245, 2.255, 2.239, 2.21, 2.233, 2.216, 2.263, 2.252, 2.235, 2.23],
    [2.187, 2.227, 2.206, 2.278, 2.196, 2.192, 2.224, 2.213, 2.213, 2.272, 2.211, 2.191],
    [2.191, 2.191, 2.237, 2.223, 2.262, 2.208, 2.193, 2.204, 2.245, 2.208, 2.235, 2.232]
])

no2no3_no_lid1 = np.array([
    [2.253, 2.231, 2.267, 2.234, 2.244, 2.26, 2.269, 2.251, 2.239, 2.231, 2.22, 2.245],
    [2.229, 2.235, 2.226, 2.21, 2.228, 2.219, 2.245, 2.276, 2.236, 2.278, 2.233, 2.261],
    [2.193, 2.234, 2.255, 2.232, 2.216, 2.177, 2.253, 2.205, 2.221, 2.27, 2.237, 2.305],
    [2.192, 2.224, 2.223, 2.235, 2.227, 2.253, 2.251, 2.452, 2.222, 2.231, 2.216, 2.234],
    [2.189, 2.209, 2.305, 2.23, 2.212, 2.188, 2.309, 2.215, 2.237, 2.204, 2.239, 2.203],
    [2.18, 2.19, 2.187, 2.206, 2.209, 2.199, 2.209, 2.213, 2.196, 2.22, 2.209, 2.221],
    [2.207, 2.211, 2.211, 2.208, 2.217, 2.189, 2.204, 2.21, 2.225, 2.317, 2.189, 2.211],
    [2.2, 2.2, 2.165, 2.176, 2.22, 2.193, 2.208, 2.181, 2.191, 2.184, 2.199, 2.179]
])

no2no3_no_lid2 = np.array([
    [2.229, 2.197, 2.221, 2.208, 2.372, 2.213, 2.236, 2.214, 2.195, 2.18, 2.189, 2.232],
    [2.208, 2.203, 2.313, 2.188, 2.199, 2.183, 2.195, 2.191, 2.194, 2.226, 2.19, 2.213],
    [2.159, 2.241, 2.212, 2.196, 2.177, 2.188, 2.223, 2.166, 2.182, 2.189, 2.187, 2.134],
    [2.187, 2.213, 2.208, 2.225, 2.188, 2.203, 2.196, 2.186, 2.19, 2.204, 2.194, 2.239],
    [2.197, 2.187, 2.167, 2.197, 2.182, 2.165, 2.16, 2.178, 2.258, 2.159, 2.222, 2.176],
    [2.165, 2.161, 2.172, 2.178, 2.18, 2.18, 2.185, 2.189, 2.178, 2.182, 2.188, 2.199],
    [2.196, 2.191, 2.201, 2.224, 2.204, 2.18, 2.195, 2.204, 2.205, 2.19, 2.184, 2.196],
    [2.185, 2.189, 2.158, 2.271, 2.208, 2.182, 2.214, 2.294, 2.184, 2.152, 2.208, 2.165]
])

# Calculate mean and standard deviation for each array
mean_no2no3_btm1 = np.mean(no2no3_btm1)
std_no2no3_btm1 = np.std(no2no3_btm1)

mean_no2no3_btm2 = np.mean(no2no3_btm2)
std_no2no3_btm2 = np.std(no2no3_btm2)

mean_no2no3_mid1 = np.mean(no2no3_mid1)
std_no2no3_mid1 = np.std(no2no3_mid1)

mean_no3no2_mid2 = np.mean(no3no2_mid2)
std_no3no2_mid2 = np.std(no3no2_mid2)

mean_no2no3_top1 = np.mean(no2no3_top1)
std_no2no3_top1 = np.std(no2no3_top1)

mean_no2no3_top2 = np.mean(no2no3_top2)
std_no2no3_top2 = np.std(no2no3_top2)

mean_no2no3_no_lid1 = np.mean(no2no3_no_lid1)
std_no2no3_no_lid1 = np.std(no2no3_no_lid1)

mean_no2no3_no_lid2 = np.mean(no2no3_no_lid2)
std_no2no3_no_lid2 = np.std(no2no3_no_lid2)

# Prepare data for plotting
labels = [
    "Bottom 1", "Bottom 2", "Mid 1", "Mid 2",
    "Top 1", "Top 2", "No lid 1", "No lid 2"
]
means = [
    mean_no2no3_btm1, mean_no2no3_btm2, mean_no2no3_mid1, mean_no3no2_mid2,
    mean_no2no3_top1, mean_no2no3_top2, mean_no2no3_no_lid1, mean_no2no3_no_lid2
]
stds = [
    std_no2no3_btm1, std_no2no3_btm2, std_no2no3_mid1, std_no3no2_mid2,
    std_no2no3_top1, std_no2no3_top2, std_no2no3_no_lid1, std_no2no3_no_lid2
]

# Plot the data
x = np.arange(len(labels))

# Create the plot
fig, ax = plt.subplots(figsize=(6, 4))

# Plot each mean with its standard deviation as an error bar
ax.errorbar(x, means, yerr=stds, fmt='o', capsize=5, label='Mean ± SD')

# Customize the plot
ax.set_xticks(x)
ax.set_xticklabels(labels, rotation=45, ha='right')
#ax.set_xlabel('X-axis')
#ax.set_ylabel('Mean ± SD')
ax.set_title('NO2 + NO3 Absorbance')
ax.legend()

# Show the plot
plt.tight_layout()
plt.savefig('plots/no2_no3_absorbance_mean.png', dpi=300)
print("Plot saved as 'plots/no2_no3_absorbance_mean.png'")

# Create heatmaps for each array
arrays = [
    no2no3_btm1, no2no3_btm2, no2no3_mid1, no3no2_mid2,
    no2no3_top1, no2no3_top2, no2no3_no_lid1, no2no3_no_lid2
]

# Generate heatmaps
for array, label in zip(arrays, labels):
    plt.figure(figsize=(6, 4))
    plt.imshow(array, cmap='viridis', aspect='auto')
    plt.colorbar(label='Absorbance')
    plt.title(f'Heatmap: {label}')
    plt.xlabel('Column')
    plt.ylabel('Row')
    plt.tight_layout()
    plt.savefig(f'plots/no2_no3_{label.lower().replace(" ", "_")}_heatmap.png', dpi=300)
    plt.close()
    print(f"Heatmap saved as 'plots/no2_no3_{label.lower().replace(' ', '_')}_heatmap.png'")